,home_team,away_team,H,D,A,game_id
0,Crystal Palace,Tottenham,0.022000000000000002,0.038,0.941,Crystal PalaceTottenham
1,Arsenal,Norwich City,0.792,0.115,0.094,ArsenalNorwich City
2,Brentford,Brighton,0.479,0.365,0.156,BrentfordBrighton
3,Leicester City,Manchester City,0.094,0.125,0.7809999999999999,Leicester CityManchester City
4,Manchester Utd,Newcastle Utd,0.99,0.005,0.005,Manchester UtdNewcastle Utd
5,Southampton,West Ham,0.13,0.22899999999999998,0.6409999999999999,SouthamptonWest Ham
6,Watford,Wolves,0.38,0.37,0.25,WatfordWolves
7,Chelsea,Aston Villa,0.9690000000000001,0.015,0.015,ChelseaAston Villa
8,Leeds United,Liverpool,0.015,0.071,0.914,Leeds UnitedLiverpool
9,Everton,Burnley,0.945,0.05,0.005,EvertonBurnley
0,Newcastle Utd,Leeds United,0.201,0.44299999999999995,0.35600000000000004,Newcastle UtdLeeds United
1,Wolves,Brentford,0.773,0.153,0.07400000000000001,WolvesBrentford
2,Burnley,Arsenal,0.051,0.19699999999999998,0.753,BurnleyArsenal
3,Liverpool,Crystal Palace,0.955,0.027999999999999997,0.017,LiverpoolCrystal Palace
4,Manchester City,Southampton,0.972,0.011000000000000001,0.017,Manchester CitySouthampton
5,Norwich City,Watford,0.27399999999999997,0.408,0.318,Norwich CityWatford
6,Aston Villa,Everton,0.12300000000000001,0.285,0.5920000000000001,Aston VillaEverton
7,Brighton,Leicester City,0.132,0.18100000000000002,0.687,BrightonLeicester City
8,West Ham,Manchester Utd,0.038,0.198,0.764,West HamManchester Utd
9,Tottenham,Chelsea,0.08199999999999999,0.308,0.61,TottenhamChelsea
0,Chelsea,Manchester City,0.5429999999999999,0.341,0.11599999999999999,ChelseaManchester City
1,Manchester Utd,Aston Villa,0.977,0.017,0.006,Manchester UtdAston Villa
2,Everton,Norwich City,0.948,0.028999999999999998,0.023,EvertonNorwich City
3,Leeds United,West Ham,0.087,0.324,0.59,Leeds UnitedWest Ham
4,Leicester City,Burnley,0.965,0.035,0.0,Leicester CityBurnley
5,Watford,Newcastle Utd,0.6509999999999999,0.221,0.128,WatfordNewcastle Utd
6,Brentford,Liverpool,0.023,0.012,0.965,BrentfordLiverpool
7,Southampton,Wolves,0.5660000000000001,0.326,0.109,SouthamptonWolves
8,Arsenal,Tottenham,0.159,0.318,0.523,ArsenalTottenham
9,Crystal Palace,Brighton,0.331,0.19699999999999998,0.47200000000000003,Crystal PalaceBrighton
0,Manchester Utd,Everton,0.941,0.047,0.012,Manchester UtdEverton
1,Burnley,Norwich City,0.5870000000000001,0.285,0.128,BurnleyNorwich City
2,Chelsea,Southampton,0.965,0.023,0.012,ChelseaSouthampton
3,Leeds United,Watford,0.483,0.32,0.198,Leeds UnitedWatford
4,Wolves,Newcastle Utd,0.6920000000000001,0.244,0.064,WolvesNewcastle Utd
5,Brighton,Arsenal,0.244,0.262,0.494,BrightonArsenal
6,Crystal Palace,Leicester City,0.087,0.18600000000000003,0.727,Crystal PalaceLeicester City
7,Tottenham,Aston Villa,0.7090000000000001,0.18,0.11,TottenhamAston Villa
8,West Ham,Brentford,0.831,0.145,0.023,West HamBrentford
9,Liverpool,Manchester City,0.37799999999999995,0.488,0.134,LiverpoolManchester City
0,Watford,Liverpool,0.017,0.011000000000000001,0.972,WatfordLiverpool
1,Aston Villa,Wolves,0.654,0.308,0.038,Aston VillaWolves
2,Leicester City,Manchester Utd,0.08199999999999999,0.225,0.6920000000000001,Leicester CityManchester Utd
3,Manchester City,Burnley,0.9890000000000001,0.0,0.011000000000000001,Manchester CityBurnley
4,Norwich City,Brighton,0.10400000000000001,0.14800000000000002,0.747,Norwich CityBrighton
5,Southampton,Leeds United,0.392,0.45299999999999996,0.155,SouthamptonLeeds United
6,Brentford,Chelsea,0.044000000000000004,0.08800000000000001,0.868,BrentfordChelsea
7,Everton,West Ham,0.6679999999999999,0.255,0.076,EvertonWest Ham
8,Newcastle Utd,Tottenham,0.054000000000000006,0.114,0.8320000000000001,Newcastle UtdTottenham
9,Arsenal,Crystal Palace,0.816,0.121,0.063,ArsenalCrystal Palace
0,Arsenal,Aston Villa,0.75,0.146,0.10400000000000001,ArsenalAston Villa
1,Chelsea,Norwich City,0.988,0.006,0.006,ChelseaNorwich City
2,Crystal Palace,Newcastle Utd,0.6990000000000001,0.235,0.066,Crystal PalaceNewcastle Utd
3,Everton,Watford,0.898,0.054000000000000006,0.048,EvertonWatford
4,Leeds United,Wolves,0.313,0.295,0.392,Leeds UnitedWolves
5,Southampton,Burnley,0.825,0.145,0.03,SouthamptonBurnley
6,Brighton,Manchester City,0.018000000000000002,0.048,0.934,BrightonManchester City
7,Brentford,Leicester City,0.201,0.34299999999999997,0.456,BrentfordLeicester City
8,West Ham,Tottenham,0.256,0.44,0.304,West HamTottenham
9,Manchester Utd,Liverpool,0.124,0.266,0.609,Manchester UtdLiverpool
0,Leicester City,Arsenal,0.679,0.214,0.107,Leicester CityArsenal
1,Burnley,Brentford,0.113,0.22,0.667,BurnleyBrentford
2,Liverpool,Brighton,0.976,0.006,0.018000000000000002,LiverpoolBrighton
3,Manchester City,Crystal Palace,0.982,0.006,0.012,Manchester CityCrystal Palace
4,Newcastle Utd,Chelsea,0.012,0.03,0.958,Newcastle UtdChelsea
5,Watford,Southampton,0.41700000000000004,0.45799999999999996,0.125,WatfordSouthampton
6,Tottenham,Manchester Utd,0.284,0.355,0.361,TottenhamManchester Utd
7,Norwich City,Leeds United,0.106,0.188,0.706,Norwich CityLeeds United
8,Aston Villa,West Ham,0.08800000000000001,0.247,0.665,Aston VillaWest Ham
9,Wolves,Everton,0.24100000000000002,0.424,0.335,WolvesEverton
0,Southampton,Aston Villa,0.578,0.319,0.102,SouthamptonAston Villa
1,Manchester Utd,Manchester City,0.132,0.282,0.586,Manchester UtdManchester City
2,Brentford,Norwich City,0.862,0.052000000000000005,0.086,BrentfordNorwich City
3,Chelsea,Burnley,0.983,0.011000000000000001,0.006,ChelseaBurnley
4,Crystal Palace,Wolves,0.24100000000000002,0.408,0.35100000000000003,Crystal PalaceWolves
5,Brighton,Newcastle Utd,0.833,0.10300000000000001,0.063,BrightonNewcastle Utd
6,Arsenal,Watford,0.925,0.052000000000000005,0.023,ArsenalWatford
7,Everton,Tottenham,0.17800000000000002,0.408,0.414,EvertonTottenham
8,Leeds United,Leicester City,0.092,0.19699999999999998,0.711,Leeds UnitedLeicester City
9,West Ham,Liverpool,0.07400000000000001,0.14800000000000002,0.778,West HamLiverpool
0,Leicester City,Chelsea,0.048,0.16699999999999998,0.7859999999999999,Leicester CityChelsea
1,Aston Villa,Brighton,0.35100000000000003,0.374,0.275,Aston VillaBrighton
2,Burnley,Crystal Palace,0.17,0.21100000000000002,0.62,BurnleyCrystal Palace
3,Newcastle Utd,Brentford,0.42100000000000004,0.363,0.21600000000000003,Newcastle UtdBrentford
4,Norwich City,Southampton,0.135,0.158,0.708,Norwich CitySouthampton
5,Watford,Manchester Utd,0.023,0.035,0.9420000000000001,WatfordManchester Utd
6,Wolves,West Ham,0.094,0.292,0.614,WolvesWest Ham
7,Liverpool,Arsenal,0.919,0.052000000000000005,0.028999999999999998,LiverpoolArsenal
8,Manchester City,Everton,0.966,0.023,0.011000000000000001,Manchester CityEverton
9,Tottenham,Leeds United,0.8740000000000001,0.086,0.04,TottenhamLeeds United
0,Arsenal,Newcastle Utd,0.917,0.032,0.051,ArsenalNewcastle Utd
1,Crystal Palace,Aston Villa,0.5589999999999999,0.304,0.13699999999999998,Crystal PalaceAston Villa
2,Liverpool,Southampton,0.9690000000000001,0.019,0.012,LiverpoolSouthampton
3,Norwich City,Wolves,0.09300000000000001,0.168,0.7390000000000001,Norwich CityWolves
4,Brighton,Leeds United,0.677,0.23600000000000002,0.087,BrightonLeeds United
5,Brentford,Everton,0.17,0.39399999999999996,0.436,BrentfordEverton
6,Leicester City,Watford,0.873,0.085,0.042,Leicester CityWatford
7,(2.),West Ham,0.867,0.115,0.018000000000000002,(2.)West Ham
8,Chelsea,Manchester Utd,0.861,0.085,0.055,ChelseaManchester Utd
9,Burnley,Tottenham,0.022000000000000002,0.071,0.907,BurnleyTottenham
0,Newcastle Utd,Norwich City,0.68,0.207,0.113,Newcastle UtdNorwich City
1,Leeds United,Crystal Palace,0.456,0.322,0.221,Leeds UnitedCrystal Palace
2,Watford,Chelsea,0.019,0.037000000000000005,0.9440000000000001,WatfordChelsea
3,West Ham,Brighton,0.92,0.068,0.012,West HamBrighton
4,Wolves,Burnley,0.821,0.142,0.037000000000000005,WolvesBurnley
5,Southampton,Leicester City,0.105,0.272,0.623,SouthamptonLeicester City
6,Aston Villa,Manchester City,0.031,0.031,0.938,Aston VillaManchester City
7,Everton,Liverpool,0.025,0.08,0.895,EvertonLiverpool
8,Tottenham,Brentford,0.8909999999999999,0.085,0.024,TottenhamBrentford
9,Manchester Utd,Arsenal,0.6729999999999999,0.248,0.079,Manchester UtdArsenal
0,West Ham,Chelsea,0.086,0.16,0.753,West HamChelsea
1,Newcastle Utd,Burnley,0.654,0.253,0.09300000000000001,Newcastle UtdBurnley
2,Southampton,Brighton,0.414,0.34600000000000003,0.24100000000000002,SouthamptonBrighton
3,Wolves,Liverpool,0.025,0.031,0.9440000000000001,WolvesLiverpool
4,Watford,Manchester City,0.018000000000000002,0.018000000000000002,0.963,WatfordManchester City
5,Leeds United,Brentford,0.584,0.325,0.09,Leeds UnitedBrentford
6,Manchester Utd,Crystal Palace,0.9279999999999999,0.06,0.012,Manchester UtdCrystal Palace
7,Tottenham,Norwich City,0.97,0.024,0.006,TottenhamNorwich City
8,Aston Villa,Leicester City,0.185,0.387,0.429,Aston VillaLeicester City
9,Everton,Arsenal,0.188,0.253,0.5589999999999999,EvertonArsenal
0,Brentford,Watford,0.6829999999999999,0.205,0.11199999999999999,BrentfordWatford
1,Manchester City,Wolves,0.97,0.006,0.024,Manchester CityWolves
2,Arsenal,Southampton,0.893,0.06,0.048,ArsenalSouthampton
3,Chelsea,Leeds United,0.976,0.012,0.012,ChelseaLeeds United
4,Liverpool,Aston Villa,0.9640000000000001,0.024,0.012,LiverpoolAston Villa
5,Norwich City,Manchester Utd,0.018000000000000002,0.024,0.9590000000000001,Norwich CityManchester Utd
6,Burnley,West Ham,0.028999999999999998,0.064,0.907,BurnleyWest Ham
7,Leicester City,Newcastle Utd,0.895,0.07,0.035,Leicester CityNewcastle Utd
8,Crystal Palace,Everton,0.231,0.532,0.237,Crystal PalaceEverton
9,Brighton,Tottenham,0.053,0.235,0.711,BrightonTottenham
0,Norwich City,Aston Villa,0.136,0.16899999999999998,0.695,Norwich CityAston Villa
1,Manchester City,Leeds United,0.9740000000000001,0.019,0.006,Manchester CityLeeds United
2,Brighton,Wolves,0.32299999999999995,0.46,0.217,BrightonWolves
3,Crystal Palace,Southampton,0.6829999999999999,0.217,0.099,Crystal PalaceSouthampton
4,Arsenal,West Ham,0.45299999999999996,0.311,0.23600000000000002,ArsenalWest Ham
5,Chelsea,Everton,0.976,0.012,0.012,ChelseaEverton
6,Liverpool,Newcastle Utd,0.988,0.0,0.012,LiverpoolNewcastle Utd
7,Leicester City,Tottenham,0.455,0.331,0.213,Leicester CityTottenham
8,Brentford,Manchester Utd,0.035,0.069,0.8959999999999999,BrentfordManchester Utd
9,Burnley,Watford,0.364,0.428,0.209,BurnleyWatford
0,Leeds United,Arsenal,0.07400000000000001,0.142,0.784,Leeds UnitedArsenal
1,Newcastle Utd,Manchester City,0.024,0.03,0.945,Newcastle UtdManchester City
2,Wolves,Chelsea,0.055,0.085,0.861,WolvesChelsea
3,Tottenham,Liverpool,0.048,0.127,0.825,TottenhamLiverpool
4,Southampton,Brentford,0.46799999999999997,0.392,0.14,SouthamptonBrentford
5,West Ham,Norwich City,0.953,0.018000000000000002,0.028999999999999998,West HamNorwich City
6,Manchester Utd,Brighton,0.9570000000000001,0.038,0.005,Manchester UtdBrighton
7,Watford,Crystal Palace,0.271,0.287,0.442,WatfordCrystal Palace
8,Everton,Leicester City,0.184,0.41600000000000004,0.4,EvertonLeicester City
9,Aston Villa,Burnley,0.857,0.08199999999999999,0.06,Aston VillaBurnley
0,(1.),Leicester City,0.9209999999999999,0.059000000000000004,0.02,(1.)Leicester City
1,Norwich City,Arsenal,0.026000000000000002,0.039,0.934,Norwich CityArsenal
2,Tottenham,Crystal Palace,0.895,0.086,0.02,TottenhamCrystal Palace
3,West Ham,Southampton,0.888,0.092,0.02,West HamSouthampton
4,Aston Villa,Chelsea,0.013000000000000001,0.10400000000000001,0.883,Aston VillaChelsea
5,Brighton,Brentford,0.484,0.439,0.077,BrightonBrentford
6,Newcastle Utd,Manchester Utd,0.013000000000000001,0.07,0.917,Newcastle UtdManchester Utd
7,Liverpool,Leeds United,0.977,0.006,0.017,LiverpoolLeeds United
8,Wolves,Watford,0.8759999999999999,0.085,0.04,WolvesWatford
9,Burnley,Everton,0.10300000000000001,0.28,0.617,BurnleyEverton
0,Crystal Palace,Norwich City,0.867,0.078,0.055,Crystal PalaceNorwich City
1,Southampton,Tottenham,0.047,0.188,0.7659999999999999,SouthamptonTottenham
2,Watford,West Ham,0.055,0.165,0.78,WatfordWest Ham
3,Leicester City,Liverpool,0.053,0.105,0.8420000000000001,Leicester CityLiverpool
4,Chelsea,Brighton,0.943,0.027999999999999997,0.027999999999999997,ChelseaBrighton
5,Brentford,Manchester City,0.021,0.027999999999999997,0.95,BrentfordManchester City
6,Manchester Utd,Burnley,0.965,0.013999999999999999,0.021,Manchester UtdBurnley
7,Arsenal,Wolves,0.86,0.10800000000000001,0.032,ArsenalWolves
8,Leeds United,Aston Villa,0.244,0.39399999999999996,0.363,Leeds UnitedAston Villa
9,Everton,Newcastle Utd,0.7140000000000001,0.21100000000000002,0.07400000000000001,EvertonNewcastle Utd
0,Arsenal,Manchester City,0.073,0.21100000000000002,0.715,ArsenalManchester City
1,Watford,Tottenham,0.055,0.079,0.866,WatfordTottenham
2,Crystal Palace,West Ham,0.10800000000000001,0.34600000000000003,0.546,Crystal PalaceWest Ham
3,Brentford,Aston Villa,0.243,0.479,0.27899999999999997,BrentfordAston Villa
4,Everton,Brighton,0.645,0.163,0.191,EvertonBrighton
5,Leeds United,Burnley,0.787,0.135,0.078,Leeds UnitedBurnley
6,Chelsea,Liverpool,0.19699999999999998,0.486,0.317,ChelseaLiverpool
7,Manchester Utd,Wolves,0.912,0.061,0.027000000000000003,Manchester UtdWolves
8,Southampton,Newcastle Utd,0.728,0.165,0.10800000000000001,SouthamptonNewcastle Utd
9,Leicester City,Norwich City,0.948,0.032,0.019,Leicester CityNorwich City
0,Brighton,Crystal Palace,0.669,0.223,0.10800000000000001,BrightonCrystal Palace
1,(1.),Chelsea,0.7140000000000001,0.217,0.069,(1.)Chelsea
2,Newcastle Utd,Watford,0.517,0.33,0.153,Newcastle UtdWatford
3,Norwich City,Everton,0.11900000000000001,0.10800000000000001,0.773,Norwich CityEverton
4,Wolves,Southampton,0.642,0.244,0.114,WolvesSouthampton
5,Aston Villa,Manchester Utd,0.068,0.113,0.8190000000000001,Aston VillaManchester Utd
6,Liverpool,Brentford,0.977,0.011000000000000001,0.011000000000000001,LiverpoolBrentford
7,West Ham,Leeds United,0.938,0.04,0.023,West HamLeeds United
8,Burnley,Leicester City,0.016,0.081,0.903,BurnleyLeicester City
9,Tottenham,Arsenal,0.39299999999999996,0.466,0.141,TottenhamArsenal
0,Watford,Norwich City,0.631,0.22,0.149,WatfordNorwich City
1,Everton,Aston Villa,0.419,0.308,0.273,EvertonAston Villa
2,Brentford,Wolves,0.128,0.209,0.6629999999999999,BrentfordWolves
3,Leeds United,Newcastle Utd,0.703,0.203,0.09300000000000001,Leeds UnitedNewcastle Utd
4,Manchester Utd,West Ham,0.7090000000000001,0.198,0.09300000000000001,Manchester UtdWest Ham
5,Southampton,Manchester City,0.034,0.04,0.925,SouthamptonManchester City
6,Arsenal,Burnley,0.972,0.011000000000000001,0.017,ArsenalBurnley
7,Crystal Palace,Liverpool,0.017,0.011000000000000001,0.972,Crystal PalaceLiverpool
8,Leicester City,Brighton,0.763,0.198,0.04,Leicester CityBrighton
9,Chelsea,Tottenham,0.792,0.152,0.055999999999999994,ChelseaTottenham
0,Brighton,Chelsea,0.022000000000000002,0.065,0.9129999999999999,BrightonChelsea
1,West Ham,Watford,0.92,0.068,0.011000000000000001,West HamWatford
2,Newcastle Utd,Everton,0.24,0.41100000000000003,0.349,Newcastle UtdEverton
3,Burnley,Manchester Utd,0.011000000000000001,0.051,0.937,BurnleyManchester Utd
4,Norwich City,Crystal Palace,0.19699999999999998,0.35,0.45399999999999996,Norwich CityCrystal Palace
5,Manchester City,Brentford,0.9890000000000001,0.011000000000000001,0.0,Manchester CityBrentford
6,Tottenham,Southampton,0.9179999999999999,0.065,0.016,TottenhamSouthampton
7,Aston Villa,Leeds United,0.721,0.22399999999999998,0.055,Aston VillaLeeds United
8,Wolves,Arsenal,0.14400000000000002,0.337,0.519,WolvesArsenal
9,Liverpool,Leicester City,0.935,0.048,0.016,LiverpoolLeicester City
0,Manchester Utd,Southampton,0.855,0.079,0.067,Manchester UtdSouthampton
1,Brentford,Crystal Palace,0.317,0.479,0.204,BrentfordCrystal Palace
2,Everton,Leeds United,0.539,0.32299999999999995,0.138,EvertonLeeds United
3,Watford,Brighton,0.138,0.257,0.605,WatfordBrighton
4,Norwich City,Manchester City,0.012,0.006,0.982,Norwich CityManchester City
5,Burnley,Liverpool,0.017,0.028999999999999998,0.9540000000000001,BurnleyLiverpool
6,Newcastle Utd,Aston Villa,0.27699999999999997,0.335,0.387,Newcastle UtdAston Villa
7,Tottenham,Wolves,0.753,0.17800000000000002,0.069,TottenhamWolves
8,Leicester City,West Ham,0.237,0.39299999999999996,0.37,Leicester CityWest Ham
9,Chelsea,Arsenal,0.867,0.105,0.027999999999999997,ChelseaArsenal
0,West Ham,Newcastle Utd,0.858,0.105,0.037000000000000005,West HamNewcastle Utd
1,Arsenal,Brentford,0.9440000000000001,0.019,0.037000000000000005,ArsenalBrentford
2,Aston Villa,Watford,0.9009999999999999,0.07400000000000001,0.025,Aston VillaWatford
3,Brighton,Burnley,0.8270000000000001,0.142,0.031,BrightonBurnley
4,Crystal Palace,Chelsea,0.025,0.031,0.9440000000000001,Crystal PalaceChelsea
5,Liverpool,Norwich City,0.988,0.006,0.006,LiverpoolNorwich City
6,Southampton,Everton,0.556,0.302,0.142,SouthamptonEverton
7,Manchester City,Tottenham,0.9329999999999999,0.043,0.024,Manchester CityTottenham
8,Leeds United,Manchester Utd,0.03,0.13,0.84,Leeds UnitedManchester Utd
9,Wolves,Leicester City,0.49700000000000005,0.308,0.195,WolvesLeicester City
0,Southampton,Norwich City,0.892,0.076,0.032,SouthamptonNorwich City
1,Leeds United,Tottenham,0.055,0.092,0.853,Leeds UnitedTottenham
2,Brentford,Newcastle Utd,0.35200000000000004,0.33899999999999997,0.309,BrentfordNewcastle Utd
3,Brighton,Aston Villa,0.527,0.303,0.17,BrightonAston Villa
4,Crystal Palace,Burnley,0.78,0.165,0.055,Crystal PalaceBurnley
5,Manchester Utd,Watford,0.9640000000000001,0.03,0.006,Manchester UtdWatford
6,Everton,Manchester City,0.03,0.037000000000000005,0.9329999999999999,EvertonManchester City
7,West Ham,Wolves,0.685,0.23600000000000002,0.079,West HamWolves
8,Arsenal,Liverpool,0.034,0.153,0.813,ArsenalLiverpool
9,Chelsea,Leicester City,0.924,0.057999999999999996,0.017,ChelseaLeicester City
0,Leicester City,Leeds United,0.893,0.08199999999999999,0.025,Leicester CityLeeds United
1,Aston Villa,Southampton,0.38299999999999995,0.389,0.228,Aston VillaSouthampton
2,Burnley,Chelsea,0.019,0.043,0.938,BurnleyChelsea
3,Newcastle Utd,Brighton,0.636,0.204,0.16,Newcastle UtdBrighton
4,Norwich City,Brentford,0.284,0.259,0.457,Norwich CityBrentford
5,Wolves,Crystal Palace,0.8270000000000001,0.142,0.031,WolvesCrystal Palace
6,Liverpool,West Ham,0.92,0.055999999999999994,0.025,LiverpoolWest Ham
7,Watford,Arsenal,0.036000000000000004,0.03,0.9329999999999999,WatfordArsenal
8,Manchester City,Manchester Utd,0.83,0.115,0.055,Manchester CityManchester Utd
9,Tottenham,Everton,0.879,0.091,0.03,TottenhamEverton
0,Brighton,Liverpool,0.033,0.033,0.935,BrightonLiverpool
1,Brentford,Burnley,0.6940000000000001,0.242,0.064,BrentfordBurnley
2,Manchester Utd,Tottenham,0.535,0.34,0.126,Manchester UtdTottenham
3,Chelsea,Newcastle Utd,0.938,0.044000000000000004,0.019,ChelseaNewcastle Utd
4,Everton,Wolves,0.244,0.3,0.456,EvertonWolves
5,Leeds United,Norwich City,0.8,0.131,0.069,Leeds UnitedNorwich City
6,Southampton,Watford,0.8690000000000001,0.08800000000000001,0.044000000000000004,SouthamptonWatford
7,West Ham,Aston Villa,0.75,0.2,0.05,West HamAston Villa
8,Arsenal,Leicester City,0.784,0.142,0.07400000000000001,ArsenalLeicester City
9,Crystal Palace,Manchester City,0.006,0.018000000000000002,0.976,Crystal PalaceManchester City
0,Norwich City,Chelsea,0.033,0.016,0.951,Norwich CityChelsea
1,Wolves,Leeds United,0.8390000000000001,0.11199999999999999,0.05,WolvesLeeds United
2,Aston Villa,Arsenal,0.11699999999999999,0.233,0.65,Aston VillaArsenal
3,Leicester City,Brentford,0.915,0.055,0.03,Leicester CityBrentford
4,Tottenham,West Ham,0.7390000000000001,0.152,0.109,TottenhamWest Ham
5,Liverpool,Manchester Utd,0.8909999999999999,0.086,0.023,LiverpoolManchester Utd
6,Newcastle Utd,Crystal Palace,0.591,0.313,0.09699999999999999,Newcastle UtdCrystal Palace
7,Manchester City,Brighton,0.977,0.011000000000000001,0.011000000000000001,Manchester CityBrighton
8,Burnley,Southampton,0.107,0.311,0.5820000000000001,BurnleySouthampton
9,Watford,Everton,0.156,0.35200000000000004,0.49200000000000005,WatfordEverton
0,Liverpool,Watford,0.975,0.012,0.012,LiverpoolWatford
1,Brighton,Norwich City,0.8109999999999999,0.134,0.055,BrightonNorwich City
2,Burnley,Manchester City,0.012,0.006,0.982,BurnleyManchester City
3,Chelsea,Brentford,0.951,0.024,0.024,ChelseaBrentford
4,Leeds United,Southampton,0.23800000000000002,0.402,0.36,Leeds UnitedSouthampton
5,Wolves,Aston Villa,0.604,0.22,0.177,WolvesAston Villa
6,Manchester Utd,Leicester City,0.823,0.14,0.037000000000000005,Manchester UtdLeicester City
7,West Ham,Everton,0.8540000000000001,0.085,0.061,West HamEverton
8,Tottenham,Newcastle Utd,0.866,0.079,0.055,TottenhamNewcastle Utd
9,Crystal Palace,Arsenal,0.024,0.085,0.8909999999999999,Crystal PalaceArsenal
0,Newcastle Utd,Wolves,0.248,0.389,0.363,Newcastle UtdWolves
1,Everton,Manchester Utd,0.061,0.08,0.8590000000000001,EvertonManchester Utd
2,Arsenal,Brighton,0.9209999999999999,0.055,0.024,ArsenalBrighton
3,Southampton,Chelsea,0.079,0.14,0.78,SouthamptonChelsea
4,Watford,Leeds United,0.207,0.433,0.36,WatfordLeeds United
5,Aston Villa,Tottenham,0.073,0.152,0.774,Aston VillaTottenham
6,Brentford,West Ham,0.14300000000000002,0.185,0.6729999999999999,BrentfordWest Ham
7,Leicester City,Crystal Palace,0.726,0.22,0.054000000000000006,Leicester CityCrystal Palace
8,Norwich City,Burnley,0.25,0.39899999999999997,0.35100000000000003,Norwich CityBurnley
9,(1.),Liverpool,0.325,0.396,0.278,(1.)Liverpool
0,Tottenham,Brighton,0.9740000000000001,0.019,0.006,TottenhamBrighton
1,Manchester Utd,Norwich City,0.975,0.013000000000000001,0.013000000000000001,Manchester UtdNorwich City
2,Southampton,Arsenal,0.044000000000000004,0.184,0.772,SouthamptonArsenal
3,Watford,Brentford,0.19699999999999998,0.261,0.541,WatfordBrentford
4,Newcastle Utd,Leicester City,0.196,0.294,0.509,Newcastle UtdLeicester City
5,West Ham,Burnley,0.9570000000000001,0.031,0.012,West HamBurnley
6,Aston Villa,Liverpool,0.012,0.028999999999999998,0.9590000000000001,Aston VillaLiverpool
7,Leeds United,Chelsea,0.04,0.081,0.879,Leeds UnitedChelsea
8,Wolves,Manchester City,0.028999999999999998,0.053,0.9179999999999999,WolvesManchester City
9,Everton,Crystal Palace,0.445,0.353,0.20199999999999999,EvertonCrystal Palace
0,Arsenal,Manchester Utd,0.509,0.28300000000000003,0.20800000000000002,ArsenalManchester Utd
1,Leicester City,Aston Villa,0.794,0.106,0.1,Leicester CityAston Villa
2,Manchester City,Watford,0.988,0.006,0.006,Manchester CityWatford
3,Norwich City,Newcastle Utd,0.08800000000000001,0.138,0.775,Norwich CityNewcastle Utd
4,Brentford,Tottenham,0.075,0.13699999999999998,0.789,BrentfordTottenham
5,Brighton,Southampton,0.46,0.36,0.18,BrightonSouthampton
6,Burnley,Wolves,0.106,0.21100000000000002,0.6829999999999999,BurnleyWolves
7,Chelsea,West Ham,0.87,0.087,0.043,ChelseaWest Ham
8,Liverpool,Everton,0.9690000000000001,0.025,0.006,LiverpoolEverton
9,Crystal Palace,Leeds United,0.53,0.341,0.128,Crystal PalaceLeeds United
0,Newcastle Utd,Liverpool,0.033,0.02,0.9470000000000001,Newcastle UtdLiverpool
1,Aston Villa,Norwich City,0.9490000000000001,0.045,0.006,Aston VillaNorwich City
2,Southampton,Crystal Palace,0.446,0.49700000000000005,0.057,SouthamptonCrystal Palace
3,Watford,Burnley,0.306,0.363,0.331,WatfordBurnley
4,Wolves,Brighton,0.758,0.159,0.083,WolvesBrighton
5,Leeds United,Manchester City,0.0,0.025,0.975,Leeds UnitedManchester City
6,Everton,Chelsea,0.063,0.075,0.862,EvertonChelsea
7,Tottenham,Leicester City,0.843,0.132,0.025,TottenhamLeicester City
8,West Ham,Arsenal,0.177,0.39899999999999997,0.424,West HamArsenal
9,Manchester Utd,Brentford,0.899,0.08199999999999999,0.019,Manchester UtdBrentford
0,Brentford,Southampton,0.48100000000000004,0.327,0.192,BrentfordSouthampton
1,Burnley,Aston Villa,0.212,0.276,0.513,BurnleyAston Villa
2,Chelsea,Wolves,0.904,0.08900000000000001,0.006,ChelseaWolves
3,Crystal Palace,Watford,0.821,0.109,0.071,Crystal PalaceWatford
4,Brighton,Manchester Utd,0.05,0.17600000000000002,0.774,BrightonManchester Utd
5,Liverpool,Tottenham,0.938,0.044000000000000004,0.019,LiverpoolTottenham
6,Arsenal,Leeds United,0.932,0.055999999999999994,0.012,ArsenalLeeds United
7,Leicester City,Everton,0.604,0.258,0.138,Leicester CityEverton
8,Norwich City,West Ham,0.031,0.08199999999999999,0.887,Norwich CityWest Ham
9,Manchester City,Newcastle Utd,0.9,0.094,0.006,Manchester CityNewcastle Utd
0,Manchester Utd,Chelsea,0.13,0.268,0.602,Manchester UtdChelsea
1,Tottenham,Burnley,0.98,0.006999999999999999,0.013000000000000001,TottenhamBurnley
2,Aston Villa,Crystal Palace,0.608,0.327,0.065,Aston VillaCrystal Palace
3,Leeds United,Brighton,0.405,0.275,0.32,Leeds UnitedBrighton
4,Watford,Leicester City,0.039,0.092,0.8690000000000001,WatfordLeicester City
5,West Ham,Manchester City,0.052000000000000005,0.13699999999999998,0.81,West HamManchester City
6,Wolves,Norwich City,0.935,0.046,0.02,WolvesNorwich City
7,Everton,Brentford,0.682,0.182,0.136,EvertonBrentford
8,Newcastle Utd,Arsenal,0.083,0.134,0.7829999999999999,Newcastle UtdArsenal
9,Southampton,Liverpool,0.006,0.019,0.975,SouthamptonLiverpool
0,Arsenal,Everton,0.878,0.094,0.028999999999999998,ArsenalEverton
1,Brentford,Leeds United,0.48200000000000004,0.209,0.309,BrentfordLeeds United
2,Brighton,West Ham,0.151,0.28800000000000003,0.561,BrightonWest Ham
3,Burnley,Newcastle Utd,0.243,0.207,0.55,BurnleyNewcastle Utd
4,Chelsea,Watford,0.986,0.006999999999999999,0.006999999999999999,ChelseaWatford
5,Crystal Palace,Manchester Utd,0.065,0.252,0.6829999999999999,Crystal PalaceManchester Utd
6,Leicester City,Southampton,0.843,0.136,0.021,Leicester CitySouthampton
7,Liverpool,Wolves,0.978,0.013999999999999999,0.006999999999999999,LiverpoolWolves
8,Manchester City,Aston Villa,0.893,0.086,0.021,Manchester CityAston Villa
9,Norwich City,Tottenham,0.0,0.021,0.9790000000000001,Norwich CityTottenham
