,home_team,away_team,H,D,A,game_id
0,Chelsea,Crystal Palace,0.9390000000000001,0.040999999999999995,0.02,ChelseaCrystal Palace
1,Everton,Brighton,0.955,0.045,0.0,EvertonBrighton
2,Leeds,Man City,0.063,0.13699999999999998,0.8,LeedsMan City
3,Newcastle,Burnley,0.84,0.121,0.039,NewcastleBurnley
4,Leicester,West Ham,0.971,0.024,0.005,LeicesterWest Ham
5,Southampton,West Brom,0.657,0.266,0.077,SouthamptonWest Brom
6,Arsenal,Sheffield United,0.971,0.024,0.005,ArsenalSheffield United
7,Wolves,Fulham,0.846,0.106,0.048,WolvesFulham
8,Man United,Tottenham,0.385,0.43799999999999994,0.17800000000000002,Man UnitedTottenham
9,Aston Villa,Liverpool,0.013999999999999999,0.019,0.966,Aston VillaLiverpool
0,Everton,Liverpool,0.16899999999999998,0.259,0.5720000000000001,EvertonLiverpool
1,Chelsea,Southampton,0.976,0.015,0.01,ChelseaSouthampton
2,Man City,Arsenal,0.6920000000000001,0.168,0.139,Man CityArsenal
3,Newcastle,Man United,0.14300000000000002,0.16699999999999998,0.69,NewcastleMan United
4,Sheffield United,Fulham,0.5589999999999999,0.318,0.12300000000000001,Sheffield UnitedFulham
5,Crystal Palace,Brighton,0.716,0.19899999999999998,0.085,Crystal PalaceBrighton
6,Tottenham,West Ham,0.934,0.043,0.024,TottenhamWest Ham
7,Leicester,Aston Villa,0.735,0.18,0.085,LeicesterAston Villa
8,West Brom,Burnley,0.446,0.418,0.136,West BromBurnley
9,Leeds,Wolves,0.584,0.285,0.131,LeedsWolves
0,Aston Villa,Leeds,0.637,0.242,0.121,Aston VillaLeeds
1,West Ham,Man City,0.040999999999999995,0.066,0.893,West HamMan City
2,Fulham,Crystal Palace,0.155,0.31,0.535,FulhamCrystal Palace
3,Man United,Chelsea,0.27699999999999997,0.342,0.381,Man UnitedChelsea
4,Liverpool,Sheffield United,0.99,0.0,0.01,LiverpoolSheffield United
5,Southampton,Everton,0.044000000000000004,0.175,0.782,SouthamptonEverton
6,Wolves,Newcastle,0.8009999999999999,0.136,0.063,WolvesNewcastle
7,Arsenal,Leicester,0.512,0.314,0.174,ArsenalLeicester
8,Brighton,West Brom,0.591,0.308,0.10099999999999999,BrightonWest Brom
9,Burnley,Tottenham,0.013999999999999999,0.028999999999999998,0.9570000000000001,BurnleyTottenham
0,Wolves,Crystal Palace,0.721,0.21899999999999997,0.06,WolvesCrystal Palace
1,Sheffield United,Man City,0.0,0.01,0.99,Sheffield UnitedMan City
2,Burnley,Chelsea,0.0,0.048,0.9520000000000001,BurnleyChelsea
3,Liverpool,West Ham,0.953,0.021,0.026000000000000002,LiverpoolWest Ham
4,Aston Villa,Southampton,0.653,0.27899999999999997,0.068,Aston VillaSouthampton
5,Newcastle,Everton,0.037000000000000005,0.136,0.8270000000000001,NewcastleEverton
6,Man United,Arsenal,0.628,0.262,0.11,Man UnitedArsenal
7,Tottenham,Brighton,0.9690000000000001,0.026000000000000002,0.005,TottenhamBrighton
8,Fulham,West Brom,0.35600000000000004,0.45399999999999996,0.191,FulhamWest Brom
9,Leeds,Leicester,0.191,0.294,0.515,LeedsLeicester
0,Brighton,Burnley,0.616,0.285,0.099,BrightonBurnley
1,Southampton,Newcastle,0.8079999999999999,0.121,0.071,SouthamptonNewcastle
2,Everton,Man United,0.508,0.305,0.187,EvertonMan United
3,Crystal Palace,Leeds,0.20600000000000002,0.33299999999999996,0.46,Crystal PalaceLeeds
4,Chelsea,Sheffield United,0.9890000000000001,0.005,0.005,ChelseaSheffield United
5,West Ham,Fulham,0.8740000000000001,0.11599999999999999,0.011000000000000001,West HamFulham
6,West Brom,Tottenham,0.005,0.011000000000000001,0.9840000000000001,West BromTottenham
7,Leicester,Wolves,0.8109999999999999,0.11599999999999999,0.07400000000000001,LeicesterWolves
8,Man City,Liverpool,0.177,0.391,0.43200000000000005,Man CityLiverpool
9,Arsenal,Aston Villa,0.792,0.151,0.057,ArsenalAston Villa
0,Newcastle,Chelsea,0.021,0.037000000000000005,0.941,NewcastleChelsea
1,Aston Villa,Brighton,0.9470000000000001,0.048,0.005,Aston VillaBrighton
2,Tottenham,Man City,0.3,0.42100000000000004,0.27899999999999997,TottenhamMan City
3,Man United,West Brom,0.9840000000000001,0.011000000000000001,0.005,Man UnitedWest Brom
4,Fulham,Everton,0.031,0.115,0.853,FulhamEverton
5,Sheffield United,West Ham,0.13699999999999998,0.221,0.642,Sheffield UnitedWest Ham
6,Leeds,Arsenal,0.172,0.26,0.568,LeedsArsenal
7,Liverpool,Leicester,0.7659999999999999,0.115,0.12,LiverpoolLeicester
8,Burnley,Crystal Palace,0.08800000000000001,0.175,0.737,BurnleyCrystal Palace
9,Wolves,Southampton,0.423,0.335,0.242,WolvesSouthampton
0,Crystal Palace,Newcastle,0.6920000000000001,0.192,0.11599999999999999,Crystal PalaceNewcastle
1,Brighton,Liverpool,0.006,0.006,0.9890000000000001,BrightonLiverpool
2,Man City,Burnley,0.9940000000000001,0.006,0.0,Man CityBurnley
3,Everton,Leeds,0.8390000000000001,0.133,0.027999999999999997,EvertonLeeds
4,West Brom,Sheffield United,0.40299999999999997,0.49200000000000005,0.105,West BromSheffield United
5,Southampton,Man United,0.266,0.337,0.397,SouthamptonMan United
6,Chelsea,Tottenham,0.446,0.38,0.174,ChelseaTottenham
7,Arsenal,Wolves,0.71,0.18600000000000003,0.10400000000000001,ArsenalWolves
8,Leicester,Fulham,0.995,0.005,0.0,LeicesterFulham
9,West Ham,Aston Villa,0.314,0.43200000000000005,0.254,West HamAston Villa
0,Burnley,Everton,0.018000000000000002,0.067,0.915,BurnleyEverton
1,Man City,Fulham,0.988,0.006,0.006,Man CityFulham
2,West Ham,Man United,0.149,0.31,0.542,West HamMan United
3,Chelsea,Leeds,0.946,0.048,0.006,ChelseaLeeds
4,West Brom,Crystal Palace,0.13,0.479,0.391,West BromCrystal Palace
5,Sheffield United,Leicester,0.028999999999999998,0.024,0.9470000000000001,Sheffield UnitedLeicester
6,Tottenham,Arsenal,0.852,0.124,0.024,TottenhamArsenal
7,Liverpool,Wolves,0.93,0.047,0.023,LiverpoolWolves
8,Brighton,Southampton,0.069,0.26899999999999996,0.6629999999999999,BrightonSouthampton
9,Aston Villa,Newcastle,0.792,0.126,0.08199999999999999,Aston VillaNewcastle
0,Leeds,West Ham,0.381,0.33899999999999997,0.28,LeedsWest Ham
1,Wolves,Aston Villa,0.7829999999999999,0.14300000000000002,0.07400000000000001,WolvesAston Villa
2,Newcastle,West Brom,0.836,0.079,0.085,NewcastleWest Brom
3,Man United,Man City,0.16399999999999998,0.266,0.5710000000000001,Man UnitedMan City
4,Everton,Chelsea,0.055999999999999994,0.163,0.7809999999999999,EvertonChelsea
5,Southampton,Sheffield United,0.95,0.039,0.011000000000000001,SouthamptonSheffield United
6,Crystal Palace,Tottenham,0.022000000000000002,0.044000000000000004,0.9329999999999999,Crystal PalaceTottenham
7,Fulham,Liverpool,0.017,0.006,0.978,FulhamLiverpool
8,Arsenal,Burnley,0.9109999999999999,0.067,0.022000000000000002,ArsenalBurnley
9,Leicester,Brighton,0.9390000000000001,0.05,0.011000000000000001,LeicesterBrighton
0,Wolves,Chelsea,0.025,0.11699999999999999,0.8590000000000001,WolvesChelsea
1,Man City,West Brom,0.982,0.006,0.012,Man CityWest Brom
2,Arsenal,Southampton,0.39399999999999996,0.251,0.354,ArsenalSouthampton
3,Leeds,Newcastle,0.583,0.314,0.10300000000000001,LeedsNewcastle
4,Leicester,Everton,0.8059999999999999,0.131,0.063,LeicesterEverton
5,Fulham,Brighton,0.43200000000000005,0.426,0.142,FulhamBrighton
6,West Ham,Crystal Palace,0.716,0.188,0.09699999999999999,West HamCrystal Palace
7,Liverpool,Tottenham,0.602,0.273,0.125,LiverpoolTottenham
8,Aston Villa,Burnley,0.893,0.068,0.04,Aston VillaBurnley
9,Sheffield United,Man United,0.011000000000000001,0.017,0.972,Sheffield UnitedMan United
0,Crystal Palace,Liverpool,0.012,0.024,0.9640000000000001,Crystal PalaceLiverpool
1,Southampton,Man City,0.166,0.29600000000000004,0.5379999999999999,SouthamptonMan City
2,Everton,Arsenal,0.785,0.122,0.09300000000000001,EvertonArsenal
3,Newcastle,Fulham,0.7020000000000001,0.26899999999999996,0.028999999999999998,NewcastleFulham
4,Brighton,Sheffield United,0.738,0.174,0.087,BrightonSheffield United
5,Tottenham,Leicester,0.805,0.161,0.034,TottenhamLeicester
6,Man United,Leeds,0.88,0.057,0.063,Man UnitedLeeds
7,West Brom,Aston Villa,0.10800000000000001,0.267,0.625,West BromAston Villa
8,Burnley,Wolves,0.05,0.183,0.767,BurnleyWolves
9,Chelsea,West Ham,0.9,0.083,0.017,ChelseaWest Ham
0,Leicester,Man United,0.331,0.364,0.305,LeicesterMan United
1,Aston Villa,Crystal Palace,0.7809999999999999,0.155,0.065,Aston VillaCrystal Palace
2,Fulham,Southampton,0.065,0.11599999999999999,0.8190000000000001,FulhamSouthampton
3,Arsenal,Chelsea,0.051,0.146,0.8029999999999999,ArsenalChelsea
4,Man City,Newcastle,0.968,0.013000000000000001,0.019,Man CityNewcastle
5,Sheffield United,Everton,0.038,0.07,0.892,Sheffield UnitedEverton
6,Leeds,Burnley,0.7859999999999999,0.16399999999999998,0.05,LeedsBurnley
7,West Ham,Brighton,0.8809999999999999,0.08800000000000001,0.031,West HamBrighton
8,Liverpool,West Brom,0.988,0.006,0.006,LiverpoolWest Brom
9,Wolves,Tottenham,0.067,0.209,0.7240000000000001,WolvesTottenham
0,Crystal Palace,Leicester,0.024,0.11199999999999999,0.8640000000000001,Crystal PalaceLeicester
1,Chelsea,Aston Villa,0.863,0.084,0.053,ChelseaAston Villa
2,Brighton,Arsenal,0.068,0.177,0.755,BrightonArsenal
3,Burnley,Sheffield United,0.7140000000000001,0.184,0.102,BurnleySheffield United
4,Southampton,West Ham,0.721,0.19,0.08800000000000001,SouthamptonWest Ham
5,West Brom,Leeds,0.102,0.299,0.599,West BromLeeds
6,Man United,Wolves,0.907,0.08,0.013000000000000001,Man UnitedWolves
7,Newcastle,Liverpool,0.013000000000000001,0.033,0.9540000000000001,NewcastleLiverpool
8,Tottenham,Fulham,0.9690000000000001,0.025,0.006,TottenhamFulham
9,(4.),Man City,0.114,0.259,0.627,(4.)Man City
0,Everton,West Ham,0.858,0.10800000000000001,0.034,EvertonWest Ham
1,Man United,Aston Villa,0.8,0.147,0.053,Man UnitedAston Villa
2,Tottenham,Leeds,0.863,0.081,0.055999999999999994,TottenhamLeeds
3,Crystal Palace,Sheffield United,0.847,0.11,0.043,Crystal PalaceSheffield United
4,Brighton,Wolves,0.07400000000000001,0.294,0.632,BrightonWolves
5,West Brom,Arsenal,0.03,0.073,0.8959999999999999,West BromArsenal
6,Newcastle,Leicester,0.024,0.11900000000000001,0.857,NewcastleLeicester
7,Chelsea,Man City,0.179,0.494,0.327,ChelseaMan City
8,Southampton,Liverpool,0.055999999999999994,0.073,0.872,SouthamptonLiverpool
9,Burnley,Fulham,0.557,0.301,0.142,BurnleyFulham
0,Sheffield United,Newcastle,0.10300000000000001,0.184,0.713,Sheffield UnitedNewcastle
1,Wolves,Everton,0.158,0.384,0.45799999999999996,WolvesEverton
2,Man City,Brighton,0.9890000000000001,0.006,0.006,Man CityBrighton
3,Arsenal,Crystal Palace,0.86,0.078,0.061,ArsenalCrystal Palace
4,West Ham,West Brom,0.935,0.055,0.01,West HamWest Brom
5,Leicester,Chelsea,0.488,0.389,0.12300000000000001,LeicesterChelsea
6,Fulham,Man United,0.01,0.024,0.966,FulhamMan United
7,Liverpool,Burnley,0.9670000000000001,0.013999999999999999,0.019,LiverpoolBurnley
8,Leeds,Southampton,0.27399999999999997,0.292,0.434,LeedsSouthampton
9,Aston Villa,Tottenham,0.109,0.204,0.687,Aston VillaTottenham
0,Wolves,West Brom,0.9229999999999999,0.071,0.006,WolvesWest Brom
1,Leeds,Brighton,0.863,0.106,0.031,LeedsBrighton
2,West Ham,Burnley,0.888,0.09300000000000001,0.019,West HamBurnley
3,Fulham,Chelsea,0.018000000000000002,0.037000000000000005,0.945,FulhamChelsea
4,Leicester,Southampton,0.762,0.207,0.03,LeicesterSouthampton
5,Sheffield United,Tottenham,0.018000000000000002,0.024,0.9590000000000001,Sheffield UnitedTottenham
6,Liverpool,Man United,0.7190000000000001,0.228,0.053,LiverpoolMan United
7,Man City,Crystal Palace,0.988,0.006,0.006,Man CityCrystal Palace
8,Arsenal,Newcastle,0.88,0.09699999999999999,0.023,ArsenalNewcastle
9,Aston Villa,Everton,0.138,0.391,0.47100000000000003,Aston VillaEverton
0,Crystal Palace,West Ham,0.149,0.337,0.514,Crystal PalaceWest Ham
1,Newcastle,Leeds,0.239,0.39799999999999996,0.364,NewcastleLeeds
2,West Brom,Man City,0.011000000000000001,0.006,0.983,West BromMan City
3,Southampton,Arsenal,0.375,0.358,0.267,SouthamptonArsenal
4,Burnley,Aston Villa,0.146,0.2,0.654,BurnleyAston Villa
5,(9.),Wolves,0.892,0.07,0.038,(9.)Wolves
6,Brighton,Fulham,0.489,0.392,0.11800000000000001,BrightonFulham
7,Everton,Leicester,0.214,0.364,0.42200000000000004,EvertonLeicester
8,Man United,Sheffield United,0.973,0.011000000000000001,0.016,Man UnitedSheffield United
9,Tottenham,Liverpool,0.22899999999999998,0.37799999999999995,0.39399999999999996,TottenhamLiverpool
0,Everton,Newcastle,0.958,0.03,0.012,EvertonNewcastle
1,Crystal Palace,Wolves,0.156,0.49700000000000005,0.34700000000000003,Crystal PalaceWolves
2,Man City,Sheffield United,0.9940000000000001,0.0,0.006,Man CitySheffield United
3,West Brom,Fulham,0.28,0.48200000000000004,0.23800000000000002,West BromFulham
4,Arsenal,Man United,0.158,0.251,0.591,ArsenalMan United
5,Southampton,Aston Villa,0.643,0.251,0.105,SouthamptonAston Villa
6,Chelsea,Burnley,0.972,0.027999999999999997,0.0,ChelseaBurnley
7,Leicester,Leeds,0.904,0.055999999999999994,0.04,LeicesterLeeds
8,West Ham,Liverpool,0.051,0.09,0.86,West HamLiverpool
9,Brighton,Tottenham,0.022000000000000002,0.051,0.927,BrightonTottenham
0,Sheffield United,West Brom,0.5,0.322,0.17800000000000002,Sheffield UnitedWest Brom
1,Wolves,Arsenal,0.159,0.245,0.596,WolvesArsenal
2,Man United,Southampton,0.937,0.044000000000000004,0.019,Man UnitedSouthampton
3,Newcastle,Crystal Palace,0.47100000000000003,0.312,0.217,NewcastleCrystal Palace
4,Burnley,Man City,0.018000000000000002,0.018000000000000002,0.9640000000000001,BurnleyMan City
5,Fulham,Leicester,0.048,0.024,0.9279999999999999,FulhamLeicester
6,Leeds,Everton,0.266,0.361,0.373,LeedsEverton
7,Aston Villa,West Ham,0.47600000000000003,0.3,0.22399999999999998,Aston VillaWest Ham
8,Liverpool,Brighton,0.982,0.0,0.018000000000000002,LiverpoolBrighton
9,Tottenham,Chelsea,0.366,0.371,0.263,TottenhamChelsea
0,Aston Villa,Arsenal,0.203,0.361,0.43700000000000006,Aston VillaArsenal
1,Burnley,Brighton,0.389,0.35200000000000004,0.259,BurnleyBrighton
2,Newcastle,Southampton,0.198,0.278,0.525,NewcastleSouthampton
3,Fulham,West Ham,0.054000000000000006,0.11900000000000001,0.8270000000000001,FulhamWest Ham
4,Man United,Everton,0.9,0.071,0.028999999999999998,Man UnitedEverton
5,Tottenham,West Brom,0.9470000000000001,0.035,0.018000000000000002,TottenhamWest Brom
6,Wolves,Leicester,0.053,0.24,0.708,WolvesLeicester
7,Liverpool,Man City,0.316,0.345,0.33899999999999997,LiverpoolMan City
8,Sheffield United,Chelsea,0.006,0.017,0.977,Sheffield UnitedChelsea
9,Leeds,Crystal Palace,0.7190000000000001,0.213,0.067,LeedsCrystal Palace
0,Leicester,Liverpool,0.204,0.341,0.455,LeicesterLiverpool
1,Crystal Palace,Burnley,0.7809999999999999,0.14800000000000002,0.071,Crystal PalaceBurnley
2,Man City,Tottenham,0.894,0.094,0.012,Man CityTottenham
3,Brighton,Aston Villa,0.158,0.222,0.62,BrightonAston Villa
4,Southampton,Wolves,0.599,0.285,0.11599999999999999,SouthamptonWolves
5,West Brom,Man United,0.006,0.017,0.977,West BromMan United
6,Arsenal,Leeds,0.73,0.138,0.132,ArsenalLeeds
7,Everton,Fulham,0.966,0.023,0.011000000000000001,EvertonFulham
8,West Ham,Sheffield United,0.9490000000000001,0.028999999999999998,0.023,West HamSheffield United
9,(6.),Newcastle,0.977,0.017,0.006,(6.)Newcastle
0,Wolves,Leeds,0.563,0.281,0.156,WolvesLeeds
1,Southampton,Chelsea,0.052000000000000005,0.07,0.878,SouthamptonChelsea
2,Burnley,West Brom,0.741,0.195,0.063,BurnleyWest Brom
3,Liverpool,Everton,0.818,0.136,0.045,LiverpoolEverton
4,Fulham,Sheffield United,0.7240000000000001,0.161,0.115,FulhamSheffield United
5,West Ham,Tottenham,0.311,0.41200000000000003,0.27699999999999997,West HamTottenham
6,Aston Villa,Leicester,0.04,0.192,0.768,Aston VillaLeicester
7,Arsenal,Man City,0.045,0.067,0.888,ArsenalMan City
8,Man United,Newcastle,0.983,0.011000000000000001,0.006,Man UnitedNewcastle
9,Brighton,Crystal Palace,0.32,0.475,0.204,BrightonCrystal Palace
0,Man City,West Ham,0.953,0.036000000000000004,0.012,Man CityWest Ham
1,West Brom,Brighton,0.23399999999999999,0.42100000000000004,0.345,West BromBrighton
2,Leeds,Aston Villa,0.523,0.287,0.19,LeedsAston Villa
3,Newcastle,Wolves,0.14800000000000002,0.19899999999999998,0.653,NewcastleWolves
4,Crystal Palace,Fulham,0.728,0.18899999999999997,0.083,Crystal PalaceFulham
5,Leicester,Arsenal,0.7959999999999999,0.127,0.077,LeicesterArsenal
6,Tottenham,Burnley,0.9440000000000001,0.055999999999999994,0.0,TottenhamBurnley
7,(5.),Man United,0.297,0.445,0.258,(5.)Man United
8,Sheffield United,Liverpool,0.011000000000000001,0.022000000000000002,0.9670000000000001,Sheffield UnitedLiverpool
9,Everton,Southampton,0.823,0.124,0.054000000000000006,EvertonSouthampton
0,Burnley,Arsenal,0.024,0.10300000000000001,0.873,BurnleyArsenal
1,Sheffield United,Southampton,0.138,0.15,0.713,Sheffield UnitedSouthampton
2,Aston Villa,Wolves,0.569,0.359,0.07200000000000001,Aston VillaWolves
3,Brighton,Leicester,0.024,0.066,0.91,BrightonLeicester
4,West Brom,Newcastle,0.23800000000000002,0.446,0.315,West BromNewcastle
5,Liverpool,Fulham,0.976,0.012,0.012,LiverpoolFulham
6,Man City,Man United,0.8059999999999999,0.106,0.08800000000000001,Man CityMan United
7,Tottenham,Crystal Palace,0.929,0.059000000000000004,0.012,TottenhamCrystal Palace
8,Chelsea,Everton,0.8059999999999999,0.126,0.069,ChelseaEverton
9,West Ham,Leeds,0.8340000000000001,0.126,0.04,West HamLeeds
0,Newcastle,Aston Villa,0.133,0.253,0.614,NewcastleAston Villa
1,Leeds,Chelsea,0.05,0.068,0.882,LeedsChelsea
2,Crystal Palace,West Brom,0.752,0.19399999999999998,0.055,Crystal PalaceWest Brom
3,Everton,Burnley,0.97,0.006,0.024,EvertonBurnley
4,Fulham,Man City,0.006,0.024,0.97,FulhamMan City
5,Southampton,Brighton,0.774,0.17300000000000001,0.054000000000000006,SouthamptonBrighton
6,Leicester,Sheffield United,0.976,0.012,0.012,LeicesterSheffield United
7,Arsenal,Tottenham,0.17600000000000002,0.435,0.38799999999999996,ArsenalTottenham
8,Man United,West Ham,0.858,0.13,0.012,Man UnitedWest Ham
9,Wolves,Liverpool,0.095,0.11800000000000001,0.787,WolvesLiverpool
0,Man City,Wolves,0.9590000000000001,0.040999999999999995,0.0,Man CityWolves
1,Burnley,Leicester,0.038,0.061,0.9009999999999999,BurnleyLeicester
2,Sheffield United,Aston Villa,0.046,0.153,0.802,Sheffield UnitedAston Villa
3,Crystal Palace,Man United,0.006999999999999999,0.045,0.948,Crystal PalaceMan United
4,West Brom,Everton,0.028999999999999998,0.109,0.862,West BromEverton
5,Liverpool,Chelsea,0.57,0.33799999999999997,0.092,LiverpoolChelsea
6,Fulham,Leeds,0.152,0.275,0.573,FulhamLeeds
7,Brighton,Newcastle,0.455,0.376,0.16899999999999998,BrightonNewcastle
8,West Ham,Arsenal,0.40399999999999997,0.287,0.309,West HamArsenal
9,Tottenham,Southampton,0.898,0.081,0.022000000000000002,TottenhamSouthampton
0,Chelsea,West Brom,0.9940000000000001,0.006,0.0,ChelseaWest Brom
1,Leeds,Sheffield United,0.909,0.069,0.023,LeedsSheffield United
2,Leicester,Man City,0.11900000000000001,0.193,0.688,LeicesterMan City
3,Arsenal,Liverpool,0.146,0.281,0.573,ArsenalLiverpool
4,Southampton,Burnley,0.674,0.247,0.079,SouthamptonBurnley
5,Newcastle,Tottenham,0.061,0.083,0.856,NewcastleTottenham
6,Aston Villa,Fulham,0.838,0.11199999999999999,0.05,Aston VillaFulham
7,Man United,Brighton,0.983,0.011000000000000001,0.006,Man UnitedBrighton
8,Everton,Crystal Palace,0.907,0.077,0.016,EvertonCrystal Palace
9,Wolves,West Ham,0.126,0.258,0.615,WolvesWest Ham
0,Fulham,Wolves,0.20199999999999999,0.262,0.536,FulhamWolves
1,Man City,Leeds,0.976,0.018000000000000002,0.006,Man CityLeeds
2,Liverpool,Aston Villa,0.902,0.052000000000000005,0.046,LiverpoolAston Villa
3,Crystal Palace,Chelsea,0.017,0.051,0.932,Crystal PalaceChelsea
4,Burnley,Newcastle,0.385,0.47700000000000004,0.138,BurnleyNewcastle
5,West Ham,Leicester,0.247,0.391,0.36200000000000004,West HamLeicester
6,Tottenham,Man United,0.158,0.249,0.593,TottenhamMan United
7,Sheffield United,Arsenal,0.017,0.027999999999999997,0.955,Sheffield UnitedArsenal
8,West Brom,Southampton,0.18600000000000003,0.271,0.542,West BromSouthampton
9,Brighton,Everton,0.09,0.163,0.747,BrightonEverton
0,Everton,Tottenham,0.212,0.5,0.28800000000000003,EvertonTottenham
1,Newcastle,West Ham,0.048,0.115,0.836,NewcastleWest Ham
2,Wolves,Sheffield United,0.9640000000000001,0.018000000000000002,0.018000000000000002,WolvesSheffield United
3,Arsenal,Fulham,0.93,0.07,0.0,ArsenalFulham
4,Man United,Burnley,0.977,0.011000000000000001,0.011000000000000001,Man UnitedBurnley
5,Leeds,Liverpool,0.09699999999999999,0.102,0.8009999999999999,LeedsLiverpool
6,Chelsea,Brighton,0.966,0.023,0.011000000000000001,ChelseaBrighton
7,Aston Villa,Man City,0.027000000000000003,0.055,0.9179999999999999,Aston VillaMan City
8,Leicester,West Brom,0.9390000000000001,0.033,0.027999999999999997,LeicesterWest Brom
9,Southampton,Crystal Palace,0.602,0.28300000000000003,0.114,SouthamptonCrystal Palace
0,Fulham,Tottenham,0.0,0.061,0.9390000000000001,FulhamTottenham
1,Man City,Southampton,0.961,0.039,0.0,Man CitySouthampton
2,Arsenal,Everton,0.512,0.294,0.19399999999999998,ArsenalEverton
3,Liverpool,Newcastle,0.96,0.023,0.017,LiverpoolNewcastle
4,West Ham,Chelsea,0.14400000000000002,0.293,0.563,West HamChelsea
5,Sheffield United,Brighton,0.11599999999999999,0.20199999999999999,0.682,Sheffield UnitedBrighton
6,Wolves,Burnley,0.807,0.14800000000000002,0.045,WolvesBurnley
7,Leeds,Man United,0.063,0.109,0.8290000000000001,LeedsMan United
8,Aston Villa,West Brom,0.8079999999999999,0.158,0.034,Aston VillaWest Brom
9,Leicester,Crystal Palace,0.95,0.027999999999999997,0.022000000000000002,LeicesterCrystal Palace
0,Southampton,Leicester,0.069,0.10400000000000001,0.826,SouthamptonLeicester
1,Crystal Palace,Man City,0.02,0.013999999999999999,0.966,Crystal PalaceMan City
2,Brighton,Leeds,0.099,0.285,0.616,BrightonLeeds
3,Chelsea,Fulham,0.987,0.013000000000000001,0.0,ChelseaFulham
4,Everton,Aston Villa,0.7959999999999999,0.171,0.033,EvertonAston Villa
5,Newcastle,Arsenal,0.11,0.24,0.649,NewcastleArsenal
6,Tottenham,Sheffield United,0.987,0.013000000000000001,0.0,TottenhamSheffield United
7,West Brom,Wolves,0.228,0.342,0.43,West BromWolves
8,Burnley,West Ham,0.07,0.133,0.797,BurnleyWest Ham
9,Man United,Liverpool,0.512,0.317,0.171,Man UnitedLiverpool
0,Leicester,Newcastle,0.968,0.032,0.0,LeicesterNewcastle
1,Leeds,Tottenham,0.113,0.26899999999999996,0.619,LeedsTottenham
2,Sheffield United,Crystal Palace,0.061,0.19,0.748,Sheffield UnitedCrystal Palace
3,Man City,Chelsea,0.687,0.245,0.067,Man CityChelsea
4,Liverpool,Southampton,0.9329999999999999,0.031,0.037000000000000005,LiverpoolSouthampton
5,Wolves,Brighton,0.604,0.299,0.098,WolvesBrighton
6,Aston Villa,Man United,0.036000000000000004,0.102,0.861,Aston VillaMan United
7,West Ham,Everton,0.645,0.259,0.096,West HamEverton
8,Arsenal,West Brom,0.8809999999999999,0.065,0.054000000000000006,ArsenalWest Brom
9,Fulham,Burnley,0.335,0.39399999999999996,0.271,FulhamBurnley
0,Man United,Leicester,0.802,0.14300000000000002,0.055999999999999994,Man UnitedLeicester
1,Chelsea,Arsenal,0.899,0.086,0.013999999999999999,ChelseaArsenal
2,Newcastle,Man City,0.006999999999999999,0.027000000000000003,0.966,NewcastleMan City
3,Burnley,Leeds,0.078,0.27899999999999997,0.643,BurnleyLeeds
4,Southampton,Fulham,0.753,0.203,0.044000000000000004,SouthamptonFulham
5,Brighton,West Ham,0.07,0.102,0.828,BrightonWest Ham
6,Crystal Palace,Aston Villa,0.19,0.43700000000000006,0.373,Crystal PalaceAston Villa
7,Tottenham,Wolves,0.9059999999999999,0.069,0.025,TottenhamWolves
8,West Brom,Liverpool,0.013000000000000001,0.019,0.968,West BromLiverpool
9,Everton,Sheffield United,0.987,0.013000000000000001,0.0,EvertonSheffield United
0,Man United,Fulham,1.0,0.0,0.0,Man UnitedFulham
1,Southampton,Leeds,0.245,0.39899999999999997,0.35700000000000004,SouthamptonLeeds
2,Brighton,Man City,0.006999999999999999,0.048,0.945,BrightonMan City
3,Chelsea,Leicester,0.6709999999999999,0.27399999999999997,0.055,ChelseaLeicester
4,Everton,Wolves,0.7909999999999999,0.135,0.07400000000000001,EvertonWolves
5,Newcastle,Sheffield United,0.838,0.128,0.034,NewcastleSheffield United
6,Tottenham,Aston Villa,0.878,0.10800000000000001,0.013999999999999999,TottenhamAston Villa
7,Crystal Palace,Arsenal,0.053,0.132,0.815,Crystal PalaceArsenal
8,Burnley,Liverpool,0.02,0.033,0.948,BurnleyLiverpool
9,West Brom,West Ham,0.026000000000000002,0.07200000000000001,0.902,West BromWest Ham
0,Arsenal,Brighton,0.93,0.051,0.019,ArsenalBrighton
1,Aston Villa,Chelsea,0.038,0.115,0.846,Aston VillaChelsea
2,Fulham,Newcastle,0.17800000000000002,0.42700000000000005,0.395,FulhamNewcastle
3,Leeds,West Brom,0.9359999999999999,0.038,0.025,LeedsWest Brom
4,Leicester,Tottenham,0.618,0.299,0.083,LeicesterTottenham
5,Liverpool,Crystal Palace,0.9620000000000001,0.025,0.013000000000000001,LiverpoolCrystal Palace
6,Man City,Everton,0.8340000000000001,0.102,0.064,Man CityEverton
7,Sheffield United,Burnley,0.172,0.242,0.586,Sheffield UnitedBurnley
8,West Ham,Southampton,0.879,0.08900000000000001,0.032,West HamSouthampton
9,Wolves,Man United,0.038,0.115,0.847,WolvesMan United
