,H,D,A
0,0.6310218253968255,0.20013988095238094,0.16883829365079364
1,0.6606443452380951,0.13628125000000002,0.20307440476190494
2,0.15189880952380952,0.6739999999999999,0.17410119047619052
3,0.11298214285714284,0.7719970238095241,0.11502083333333334
4,0.8488452380952382,0.07589285714285715,0.0752619047619048
5,0.17300595238095237,0.1941145833333334,0.6328794642857144
6,0.20143898809523808,0.6356101190476192,0.16295089285714284
7,0.7842708333333333,0.11205952380952379,0.1036696428571429
8,0.10954166666666668,0.7366875,0.15377083333333333
9,0.8260624999999999,0.09385416666666666,0.08008333333333333
10,0.15015773809523808,0.14791815476190476,0.7019241071428576
11,0.24529464285714297,0.6451845238095238,0.10952083333333335
12,0.11481547619047616,0.6764821428571427,0.20870238095238094
13,0.7603556547619048,0.11069791666666663,0.1289464285714286
14,0.2621636904761904,0.1296071428571428,0.6082291666666666
15,0.18785416666666666,0.6579255952380951,0.1542202380952381
16,0.6458660714285713,0.15610416666666668,0.1980297619047618
17,0.7148571428571429,0.1411577380952381,0.14398511904761904
18,0.11564880952380956,0.7875624999999999,0.09678869047619049
19,0.12478571428571433,0.7037083333333333,0.17150595238095231
20,0.14679166666666663,0.7304583333333334,0.12275
21,0.3195520833333333,0.5667961309523808,0.11365178571428569
22,0.7996130952380957,0.1107291666666667,0.0896577380952381
23,0.13191666666666668,0.7461607142857142,0.12192261904761903
24,0.30644295634920643,0.08373214285714287,0.6098249007936506
25,0.2254791666666667,0.12242261904761903,0.6520982142857145
26,0.11227678571428566,0.284375,0.6033482142857145
27,0.16591666666666668,0.7130104166666665,0.12107291666666666
28,0.635889880952381,0.2505416666666668,0.1135684523809524
29,0.21383333333333338,0.16875,0.6174166666666666
30,0.22941071428571436,0.1325654761904762,0.6380238095238093
31,0.1671458333333333,0.12413690476190471,0.7087172619047618
32,0.8074166666666664,0.11712499999999995,0.07545833333333334
33,0.681723214285714,0.18305654761904763,0.13522023809523806
34,0.7154627976190477,0.10471874999999999,0.17981845238095231
35,0.26091666666666674,0.13710416666666667,0.6019791666666668
36,0.09188988095238099,0.22192113095238103,0.686188988095238
37,0.7998333333333335,0.07535416666666668,0.12481249999999998
38,0.3226889880952381,0.573013392857143,0.10429761904761906
39,0.2330252976190476,0.18097916666666664,0.5859955357142855
40,0.09595833333333331,0.7744017857142861,0.12963988095238096
41,0.19372916666666667,0.7070208333333337,0.09924999999999999
42,0.589809523809524,0.285732142857143,0.1244583333333333
43,0.8450744047619048,0.06274107142857142,0.09218452380952381
44,0.12692857142857142,0.31583035714285723,0.5572410714285714
45,0.682918154761905,0.14597767857142852,0.17110416666666667
46,0.10341369047619045,0.7584315476190475,0.13815476190476195
47,0.21845238095238093,0.6795684523809524,0.10197916666666669
48,0.12779166666666664,0.7312767857142856,0.14093154761904755
49,0.1677787698412698,0.15012499999999998,0.6820962301587303
50,0.39479166666666665,0.35260416666666655,0.25260416666666674
51,0.6653571428571429,0.22472619047619047,0.10991666666666669
52,0.5175863095238092,0.3010386904761905,0.18137500000000006
53,0.669419642857143,0.1802053571428571,0.150375
54,0.30893452380952385,0.34693154761904765,0.34413392857142866
55,0.5857529761904761,0.22162202380952384,0.19262500000000002
56,0.19488392857142858,0.6033928571428571,0.20172321428571433
57,0.19179166666666664,0.49862499999999954,0.3095833333333333
58,0.4511458333333333,0.3033749999999999,0.2454791666666667
59,0.28927976190476196,0.4042619047619047,0.3064583333333333
60,0.3154151785714286,0.36981696428571426,0.3147678571428572
61,0.28302083333333344,0.3398601190476191,0.37711904761904785
62,0.5043125,0.2663125000000001,0.229375
63,0.6508541666666665,0.18428125,0.16486458333333334
64,0.1538363095238095,0.5694136904761903,0.27674999999999994
65,0.36561011904761914,0.39107738095238076,0.24331249999999996
66,0.35020833333333345,0.4475029761904758,0.2022886904761904
67,0.2410208333333334,0.46711160714285727,0.29186755952380944
68,0.3102291666666666,0.30489583333333337,0.384875
69,0.27872023809523805,0.4120208333333331,0.30925892857142856
70,0.4230724206349207,0.37579166666666647,0.2011359126984127
71,0.34128125000000004,0.36970833333333336,0.28901041666666666
72,0.6514404761904761,0.14103869047619044,0.20752083333333324
73,0.6970000000000001,0.13095833333333334,0.17204166666666662
74,0.3213125000000001,0.4296041666666666,0.24908333333333332
75,0.6167738095238093,0.21477083333333322,0.1684553571428572
76,0.5290535714285715,0.32943452380952387,0.14151190476190473
77,0.35866964285714287,0.43621130952380954,0.2051190476190476
78,0.18422916666666667,0.5630625000000001,0.25270833333333326
79,0.18817410714285718,0.6129702380952378,0.19885565476190473
80,0.20410119047619044,0.5543779761904759,0.24152083333333338
81,0.3486934523809524,0.37009226190476185,0.28121428571428575
82,0.2505,0.4029583333333332,0.34654166666666664
83,0.30089583333333336,0.33752083333333355,0.3615833333333333
84,0.2584791666666666,0.3470565476190476,0.39446428571428577
85,0.22469642857142855,0.4946577380952381,0.28064583333333337
86,0.41390178571428576,0.30155059523809535,0.28454761904761905
87,0.6425208333333333,0.1703333333333333,0.18714583333333337
88,0.6332812499999999,0.17365624999999998,0.19306249999999991
89,0.5863392857142856,0.2191428571428571,0.19451785714285713
90,0.5304479166666667,0.2641443452380954,0.20540773809523813
91,0.5859285714285712,0.21587499999999996,0.19819642857142855
92,0.6526388888888885,0.16905902777777776,0.1783020833333334
93,0.19318749999999998,0.5862916666666665,0.2205208333333334
94,0.38831547619047635,0.27349702380952384,0.3381875000000001
95,0.44602083333333326,0.28104166666666663,0.2729375000000001
96,0.46836458333333325,0.31219791666666674,0.21943749999999995
97,0.5776874999999999,0.24773958333333332,0.17457291666666663
98,0.7467172619047617,0.1658958333333333,0.08738690476190478
99,0.3370788690476189,0.22971577380952393,0.4332053571428572
100,0.26441666666666663,0.4939583333333333,0.24162499999999998
101,0.24176041666666662,0.4666250000000002,0.29161458333333334
102,0.1376458333333333,0.758333333333333,0.1040208333333333
103,0.5613412698412698,0.22909375000000004,0.2095649801587302
104,0.6162291666666667,0.16318154761904766,0.22058928571428577
105,0.22722321428571438,0.5606309523809525,0.21214583333333323
106,0.2143303571428572,0.5478065476190476,0.2378630952380953
107,0.6238125000000001,0.18902083333333328,0.18716666666666673
108,0.25855952380952374,0.43332440476190465,0.30811607142857134
109,0.24240327380952387,0.5808125,0.17678422619047623
110,0.37724107142857144,0.3272232142857145,0.29553571428571435
111,0.4234761904761905,0.3626994047619047,0.2138244047619048
112,0.29452976190476204,0.5027083333333332,0.20276190476190475
113,0.1532410714285714,0.684473214285714,0.16228571428571426
114,0.5428898809523808,0.2566636904761905,0.20044642857142858
115,0.5062886904761903,0.2858482142857143,0.20786309523809524
116,0.5377499999999998,0.246547619047619,0.21570238095238103
117,0.35038095238095257,0.3954374999999999,0.25418154761904754
118,0.28938095238095235,0.5067440476190473,0.203875
119,0.3718333333333335,0.3352916666666667,0.29287500000000005
120,0.5434588293650796,0.2625798611111112,0.19396130952380955
121,0.534907738095238,0.25901041666666674,0.20608184523809517
122,0.7286041666666664,0.1458680555555555,0.1255277777777778
123,0.7690555555555554,0.10402777777777777,0.12691666666666668
124,0.20005505952380948,0.48605952380952355,0.31388541666666664
125,0.18827083333333333,0.4232708333333333,0.3884583333333334
126,0.6145684523809524,0.13467261904761899,0.2507589285714285
127,0.4130416666666665,0.28333333333333327,0.3036249999999999
128,0.2726473214285714,0.39418601190476193,0.33316666666666656
129,0.6838680555555555,0.16402777777777777,0.15210416666666665
130,0.421625,0.2690892857142857,0.3092857142857144
131,0.43993601190476184,0.35816815476190456,0.2018958333333333
132,0.3085,0.4640833333333334,0.22741666666666668
133,0.8214999999999999,0.08672916666666668,0.09177083333333337
134,0.7667251984126985,0.10940277777777777,0.1238720238095238
135,0.2960808531746031,0.4554732142857141,0.2484459325396825
136,0.1479880952380952,0.706440476190476,0.14557142857142855
137,0.2641949404761905,0.5538229166666665,0.18198214285714281
138,0.33074255952380954,0.49348958333333315,0.1757678571428572
139,0.5242946428571428,0.24799702380952385,0.2277083333333333
140,0.24997023809523816,0.3982886904761903,0.35174107142857136
141,0.5338035714285715,0.24412499999999998,0.22207142857142856
142,0.42297767857142854,0.3227678571428572,0.25425446428571413
143,0.198547619047619,0.6302142857142856,0.17123809523809527
144,0.4196755952380953,0.3275000000000001,0.25282440476190476
145,0.25718353174603176,0.3584895833333332,0.384326884920635
146,0.4674642857142856,0.2280982142857143,0.3044375000000001
147,0.16813293650793645,0.4992247023809523,0.3326423611111112
148,0.19131249999999997,0.43562499999999993,0.3730624999999999
149,0.2262574404761906,0.582705357142857,0.19103720238095231
150,0.7264166666666667,0.14124404761904757,0.13233928571428571
151,0.10524107142857142,0.7518065476190476,0.14295238095238091
152,0.4591964285714284,0.2626309523809523,0.278172619047619
153,0.2379717261904762,0.5884955357142856,0.17353273809523806
154,0.16236011904761902,0.6025967261904763,0.2350431547619047
155,0.23685416666666673,0.4727648809523808,0.2903809523809524
156,0.21908333333333338,0.39482440476190483,0.386092261904762
157,0.23187847222222213,0.3524449404761904,0.41567658730158724
158,0.42744791666666676,0.2671875,0.30536458333333333
159,0.2986875,0.49756845238095215,0.20374404761904752
160,0.6427708333333334,0.2232648809523809,0.13396428571428573
161,0.3352708333333333,0.2995208333333334,0.3652083333333333
162,0.7007415674603176,0.17813640873015874,0.12112202380952378
163,0.3528095238095237,0.3517529761904759,0.29543749999999996
164,0.6235193452380954,0.2401413690476191,0.13633928571428575
165,0.3157500000000001,0.4590297619047618,0.22522023809523808
166,0.23353869047619052,0.44546130952380947,0.32100000000000006
167,0.38170535714285714,0.28387500000000004,0.33441964285714276
168,0.30489880952380943,0.44173511904761903,0.2533660714285715
169,0.7384494047619046,0.14082440476190475,0.12072619047619045
170,0.576345734126984,0.23528670634920637,0.1883675595238095
171,0.2596904761904762,0.5703244047619046,0.169985119047619
172,0.26202083333333326,0.5431249999999999,0.19485416666666666
173,0.20764583333333334,0.5555416666666668,0.2368125
174,0.5297500000000003,0.21461904761904774,0.2556309523809525
175,0.36429166666666646,0.3288958333333334,0.30681250000000004
176,0.32663392857142876,0.3756458333333333,0.29772023809523807
177,0.5933541666666664,0.2070625,0.19958333333333333
178,0.45221428571428535,0.2979017857142857,0.2498839285714286
179,0.08127083333333335,0.8095833333333335,0.10914583333333334
180,0.5755907738095236,0.21040476190476196,0.21400446428571432
181,0.1540833333333333,0.6880208333333333,0.15789583333333332
182,0.5186041666666665,0.2533244047619048,0.22807142857142854
183,0.3624375000000001,0.41067857142857145,0.22688392857142856
184,0.25933630952380954,0.3492916666666666,0.3913720238095237
185,0.3003482142857143,0.4475714285714287,0.2520803571428572
186,0.6091636904761908,0.19421130952380952,0.19662500000000002
187,0.1652708333333333,0.5849444444444445,0.24978472222222226
188,0.6804017857142861,0.19306547619047612,0.12653273809523813
189,0.21531250000000007,0.5616934523809521,0.22299404761904762
190,0.6389930555555555,0.17448611111111112,0.18652083333333333
191,0.4660208333333333,0.32225000000000004,0.2117291666666667
192,0.6110446428571428,0.2487232142857144,0.1402321428571429
193,0.16392857142857142,0.6327589285714286,0.2033125
194,0.5291145833333334,0.2370044642857144,0.23388095238095238
195,0.20166666666666658,0.4643333333333331,0.3339999999999999
196,0.3728576388888888,0.31778422619047636,0.3093581349206348
197,0.2327708333333334,0.5105,0.2567291666666668
198,0.1000952380952381,0.7889345238095238,0.1109702380952381
199,0.12176785714285708,0.6891458333333336,0.1890863095238095
200,0.30321130952380954,0.3887202380952381,0.3080684523809523
201,0.5682395833333334,0.23112500000000005,0.20063541666666662
202,0.26061904761904775,0.3967261904761905,0.342654761904762
203,0.5105833333333335,0.29659523809523813,0.19282142857142862
204,0.6851607142857142,0.1592291666666667,0.155610119047619
205,0.7042559523809524,0.14559226190476193,0.1501517857142857
206,0.6416249999999998,0.17737499999999995,0.18099999999999994
207,0.6523437499999999,0.1691651785714286,0.17849107142857143
208,0.15095833333333333,0.5130386904761901,0.33600297619047614
209,0.6704583333333334,0.1844761904761905,0.1450654761904762
210,0.43926190476190496,0.3176130952380954,0.243125
211,0.5359692460317459,0.29249206349206347,0.1715386904761905
212,0.15735763888888885,0.4937470238095239,0.34889533730158734
213,0.4119122023809525,0.34986755952380943,0.23822023809523818
214,0.29209375000000004,0.46863541666666647,0.23927083333333324
215,0.3800550595238097,0.4209032738095237,0.19904166666666667
216,0.6007619047619046,0.1687083333333333,0.23052976190476182
217,0.43044642857142856,0.2850238095238096,0.28452976190476187
218,0.5592073412698411,0.22145138888888888,0.2193412698412698
219,0.24054761904761912,0.5099880952380953,0.2494642857142857
220,0.40256249999999993,0.35993749999999997,0.2375
221,0.4925267857142856,0.2271875000000001,0.2802857142857143
222,0.7161448412698416,0.18009474206349207,0.10376041666666666
223,0.37152083333333336,0.32187202380952384,0.30660714285714274
224,0.16693353174603176,0.5993720238095238,0.23369444444444448
225,0.4451562500000001,0.30728125,0.24756250000000007
226,0.26093353174603173,0.4549265873015875,0.284139880952381
227,0.4465590277777778,0.2844300595238096,0.26901091269841276
228,0.316108630952381,0.4368556547619045,0.24703571428571436
229,0.16420833333333335,0.6950833333333329,0.14070833333333335
230,0.33563988095238095,0.45578571428571435,0.20857440476190472
231,0.38724107142857134,0.23793750000000005,0.37482142857142875
232,0.6139866071428571,0.23463839285714286,0.15137499999999998
233,0.5131597222222221,0.23748611111111118,0.24935416666666663
234,0.1708303571428572,0.6975446428571429,0.131625
235,0.5287291666666665,0.30047916666666663,0.1707916666666667
236,0.5417321428571426,0.2002261904761905,0.2580416666666666
237,0.16804761904761903,0.612136904761905,0.21981547619047628
238,0.4943229166666667,0.26237499999999997,0.24330208333333345
239,0.5221696428571427,0.27615178571428567,0.20167857142857135
240,0.3681443452380955,0.29551488095238104,0.3363407738095237
241,0.17704761904761906,0.6786071428571429,0.14434523809523808
242,0.40290327380952384,0.35430505952380964,0.24279166666666666
243,0.43975000000000003,0.31212500000000004,0.24812500000000007
244,0.5732306547619046,0.22953720238095243,0.19723214285714286
245,0.23400000000000007,0.5092083333333333,0.2567916666666667
246,0.5242708333333334,0.1828422619047619,0.2928869047619048
247,0.560470238095238,0.26392261904761904,0.17560714285714282
248,0.35172916666666665,0.34493750000000006,0.30333333333333334
249,0.46502232142857125,0.30636458333333333,0.22861309523809514
250,0.19331845238095233,0.6270148809523808,0.17966666666666659
251,0.22416666666666668,0.522125,0.2537083333333333
252,0.28041220238095255,0.5336383928571429,0.18594940476190472
253,0.341032738095238,0.42883630952380936,0.23013095238095235
254,0.6692142857142858,0.2130238095238095,0.11776190476190478
255,0.28775,0.4810535714285715,0.2311964285714286
256,0.584511904761905,0.16765178571428568,0.2478363095238095
257,0.47492857142857126,0.2809672619047619,0.24410416666666662
258,0.7083779761904759,0.15017708333333332,0.14144494047619044
259,0.6170401785714286,0.19643750000000004,0.18652232142857145
260,0.13947023809523812,0.7093988095238093,0.15113095238095234
261,0.6243159722222219,0.21791666666666676,0.15776736111111106
262,0.27953869047619057,0.5640208333333334,0.15644047619047619
263,0.40736458333333336,0.39775446428571415,0.19488095238095238
264,0.5740000000000001,0.20962499999999995,0.21637499999999998
265,0.6248958333333334,0.17777380952380947,0.19733035714285724
266,0.6788174603174604,0.2117509920634921,0.10943154761904764
267,0.17850000000000005,0.5344880952380954,0.28701190476190475
268,0.2785,0.3208750000000001,0.40062500000000006
269,0.3450208333333334,0.27723511904761916,0.3777440476190477
270,0.26201041666666663,0.5644836309523807,0.17350595238095243
271,0.6400987103174604,0.2006458333333333,0.15925545634920638
272,0.2365744047619047,0.5371666666666665,0.2262589285714285
273,0.3356517857142858,0.37429166666666674,0.2900565476190476
274,0.2793854166666667,0.43096676587301574,0.2896478174603175
275,0.21552083333333336,0.5658422619047618,0.21863690476190473
276,0.5056160714285713,0.17361309523809523,0.32077083333333334
277,0.27904166666666663,0.3490000000000002,0.37195833333333334
278,0.365877976190476,0.38651488095238107,0.24760714285714286
279,0.6211056547619048,0.1390014880952381,0.23989285714285724
280,0.7346607142857142,0.12872916666666662,0.13661011904761908
281,0.2854196428571428,0.38908779761904777,0.3254925595238095
282,0.30725892857142856,0.3543273809523809,0.33841369047619047
283,0.2667500000000001,0.4581666666666667,0.27508333333333335
284,0.5003382936507937,0.22682142857142862,0.27284027777777775
285,0.6419166666666665,0.2336874999999999,0.12439583333333332
286,0.44654166666666645,0.3597232142857144,0.1937351190476191
287,0.317952380952381,0.49949702380952365,0.18255059523809522
288,0.3443125000000001,0.41656250000000006,0.23912499999999995
289,0.828232142857143,0.09312797619047618,0.07863988095238095
290,0.41554166666666653,0.35394940476190484,0.23050892857142855
291,0.37913541666666684,0.43184821428571446,0.1890163690476191
292,0.33043750000000005,0.4325625,0.237
293,0.7061875,0.16522619047619055,0.12858630952380953
294,0.32296726190476194,0.5468794642857143,0.13015327380952382
295,0.17157291666666669,0.6847499999999997,0.1436770833333333
296,0.28335416666666674,0.40686607142857134,0.30977976190476175
297,0.3184464285714285,0.49654166666666655,0.18501190476190477
298,0.7131805555555559,0.19934027777777782,0.08747916666666666
299,0.692345238095238,0.16100744047619045,0.1466473214285714
300,0.5150416666666667,0.25841666666666674,0.22654166666666664
301,0.21647916666666675,0.6076220238095239,0.1758988095238095
302,0.12434970238095237,0.748522321428571,0.1271279761904762
303,0.6265684523809524,0.18808779761904762,0.18534375000000003
304,0.35247916666666684,0.4434791666666669,0.20404166666666673
305,0.3260208333333333,0.2989374999999999,0.37504166666666683
306,0.6425208333333332,0.16937499999999994,0.18810416666666657
307,0.16626636904761904,0.6105342261904763,0.2231994047619048
308,0.21006597222222226,0.6418958333333332,0.1480381944444445
309,0.5891696428571429,0.24631250000000013,0.16451785714285716
310,0.28426488095238084,0.3186220238095238,0.39711309523809535
311,0.5239032738095238,0.3040312500000001,0.17206547619047613
312,0.39660119047619047,0.3836041666666668,0.21979464285714287
313,0.2743333333333333,0.4441666666666667,0.28150000000000003
314,0.5605,0.27579166666666666,0.16370833333333334
315,0.5847708333333334,0.21438392857142863,0.20084523809523808
316,0.3350982142857143,0.41458928571428577,0.25031250000000016
317,0.4860952380952381,0.3332380952380952,0.18066666666666664
318,0.6111994047619046,0.21539583333333334,0.17340476190476195
319,0.5061458333333333,0.22094345238095237,0.27291071428571434
320,0.18693749999999998,0.5403958333333331,0.27266666666666667
321,0.6598258928571429,0.15879613095238088,0.1813779761904762
322,0.17570833333333333,0.6280238095238091,0.19626785714285716
323,0.17126934523809523,0.5810892857142856,0.24764136904761905
324,0.5958134920634919,0.20187499999999997,0.20231150793650796
325,0.26291369047619045,0.3637380952380954,0.3733482142857143
326,0.22701388888888885,0.6046666666666667,0.16831944444444438
327,0.4138779761904761,0.38002083333333353,0.20610119047619035
328,0.5889022817460317,0.24929563492063486,0.16180208333333332
329,0.437125,0.3068750000000001,0.25600000000000006
330,0.29321130952380936,0.3242886904761907,0.3824999999999998
331,0.20508184523809525,0.49594642857142845,0.2989717261904762
332,0.15727380952380948,0.7455386904761905,0.09718749999999998
333,0.5284270833333333,0.20914583333333334,0.2624270833333332
334,0.37888888888888883,0.2909583333333334,0.33015277777777774
335,0.22544791666666655,0.5006369047619049,0.2739151785714287
336,0.2088303571428571,0.5977529761904761,0.19341666666666676
337,0.3304171626984128,0.42991815476190487,0.2396646825396825
338,0.513014880952381,0.263967261904762,0.2230178571428571
339,0.5717291666666664,0.23941071428571423,0.18886011904761899
340,0.5893869047619049,0.24519642857142857,0.1654166666666666
341,0.6029216269841268,0.24911706349206358,0.1479613095238096
342,0.4609940476190475,0.2984136904761906,0.240592261904762
343,0.2248690476190476,0.47404464285714293,0.3010863095238096
344,0.6729940476190476,0.19859226190476192,0.12841369047619053
345,0.2593958333333335,0.37865625,0.36194791666666676
346,0.6266770833333334,0.17332291666666666,0.19999999999999993
347,0.6049022817460318,0.26406994047619053,0.13102777777777774
348,0.6292232142857143,0.20953571428571433,0.16124107142857144
349,0.1790342261904762,0.5919002976190477,0.22906547619047612
